time (s) altitude (m) velocity (m/s) mass (kg)trajectory angle (rad) angle of attack (rad) heading angle (rad) latitude (rad)
0 90 15 29388 1.5691 0 -0.45728 -0.2123 2.3868
0.22098 93.398 15.756 29356 1.5689 0 -0.41466 -0.2123 2.3868
0.61455 99.866 17.11 29299 1.5686 0 -0.34902 -0.2123 2.3868
0.94849 105.77 18.267 29251 1.5683 -5.0719e-10 -0.30235 -0.2123 2.3868
1.0407 107.47 18.587 29238 1.5682 -8.3149e-09 -0.29074 -0.2123 2.3868
1.2617 111.66 19.357 29206 1.568 -2.5131e-10 -0.26494 -0.2123 2.3868
1.6552 119.55 20.737 29149 1.5676 -5.0935e-10 -0.22522 -0.2123 2.3868
1.9892 126.67 21.914 29101 1.5672 -1.6738e-09 -0.19682 -0.2123 2.3868
2.0814 128.71 22.241 29088 1.5671 -2.5444e-08 -0.18972 -0.2123 2.3868
2.3023 133.71 23.025 29056 1.5668 -1.2857e-09 -0.17385 -0.2123 2.3868
2.6959 143.05 24.429 28999 1.5663 -1.6679e-09 -0.14916 -0.2123 2.3868
3.0298 151.41 25.628 28951 1.5658 -3.5996e-09 -0.13125 -0.2123 2.3868
3.122 153.78 25.96 28938 1.5656 -7.4773e-08 -0.12673 -0.2123 2.3868
3.343 159.61 26.758 28906 1.5653 -2.7791e-09 -0.11657 -0.2123 2.3868
3.7366 170.42 28.187 28849 1.5646 -3.4567e-09 -0.10056 -0.2123 2.3868
4.0705 180.04 29.407 28801 1.564 -6.2991e-09 -0.088765 -0.2123 2.3868
4.1627 182.76 29.745 28788 1.5639 -9.9261e-08 -0.085764 -0.2123 2.3868
4.3837 189.43 30.558 28756 1.5635 -5.1298e-09 -0.078975 -0.2123 2.3868
4.7773 201.74 32.012 28699 1.5627 -5.6838e-09 -0.068152 -0.2123 2.3868
5.1112 212.63 33.253 28651 1.562 -9.9806e-09 -0.060075 -0.2123 2.3868
5.2034 215.72 33.597 28638 1.5618 -1.4664e-07 -0.058003 -0.2123 2.3868
5.4244 223.23 34.423 28606 1.5613 -8.8701e-09 -0.053292 -0.2123 2.3868
5.8179 237.07 35.902 28549 1.5604 -7.5446e-09 -0.045703 -0.2123 2.3868
6.1519 249.27 37.164 28501 1.5596 -1.9081e-08 -0.039973 -0.2123 2.3868
6.2441 252.71 37.514 28488 1.5594 -1.6452e-07 -0.038494 -0.2123 2.3868
6.465 261.09 38.354 28456 1.5588 -1.1686e-08 -0.035113 -0.2123 2.3868
6.8586 276.48 39.857 28399 1.5578 -1.1147e-08 -0.029621 -0.2123 2.3868
7.1925 290 41.141 28351 1.5569 -2.6933e-08 -0.025432 -0.2123 2.3868
7.2847 293.81 41.496 28338 1.5566 -1.661e-07 -0.024344 -0.2123 2.3868
7.5057 303.08 42.35 28306 1.556 -1.864e-08 -0.021848 -0.2123 2.3868
7.8993 320.04 43.878 28249 1.5548 -1.3103e-08 -0.017763 -0.2123 2.3868
8.2332 334.91 45.182 28201 1.5538 -4.9081e-08 -0.01462 -0.2123 2.3868
8.3254 339.09 45.543 28187 1.5535 -1.857e-07 -0.013799 -0.2123 2.3868
8.5464 349.25 46.411 28156 1.5528 -2.5774e-08 -0.011911 -0.2123 2.3868
8.94 367.82 47.964 28099 1.5516 -1.4896e-08 -0.0087994 -0.2123 2.3868
9.2739 384.05 49.288 28051 1.5504 -9.9103e-08 -0.0063874 -0.2123 2.3868
9.3661 388.61 49.655 28037 1.5501 -1.8377e-07 -0.0057552 -0.2123 2.3868
9.6976 405.29 50.979 27990 1.5489 -1.7182e-08 -0.0035938 -0.2123 2.3868
10.288 436.07 53.352 27904 1.5468 -1.5756e-08 -0.00013415 -0.2123 2.3868
10.789 463.3 55.381 27832 1.5449 -3.3511e-08 0.0024613 -0.2123 2.3868
10.927 470.99 55.944 27812 1.5443 -3.6546e-07 0.003129 -0.2123 2.3868
11.259 489.75 57.298 27765 1.543 -5.1485e-08 0.0046515 -0.2123 2.3868
11.849 524.28 59.725 27679 1.5405 -7.6e-08 0.0071149 -0.2123 2.3868
12.35 554.7 61.801 27607 1.5384 -3.4677e-08 0.0089858 -0.2123 2.3868
12.488 563.28 62.377 27587 1.5378 -2.2838e-07 0.0094705 -0.2123 2.3868
12.93 591.24 64.224 27524 1.5358 0 0.010936 -0.2123 2.3868
13.717 643.06 67.542 27410 1.5321 -2.3719e-07 0.013262 -0.2123 2.3868
14.385 689.08 70.386 27314 1.5288 0 0.014993 -0.2123 2.3868
14.569 702.12 71.175 27287 1.5279 -7.8246e-07 0.015436 -0.2123 2.3868
14.775 716.79 72.055 27258 1.5268 -4.5564e-08 0.015913 -0.2123 2.3868
15.203 748.05 73.904 27196 1.5246 0 0.016858 -0.2123 2.3868
15.739 788.24 76.228 27119 1.5217 -9.7357e-08 0.017948 -0.2123 2.3868
16.239 826.8 78.409 27047 1.5189 0 0.018883 -0.2123 2.3868
16.568 852.82 79.856 26999 1.5171 -7.4031e-07 0.01946 -0.2123 2.3868
16.651 859.45 80.22 26987 1.5166 -6.7362e-07 0.019601 -0.2123 2.3868
16.856 875.97 81.124 26958 1.5154 -1.856e-07 0.019942 -0.2123 2.3868
17.285 911.1 83.021 26896 1.5128 -4.7273e-08 0.02062 -0.2123 2.3868
17.821 956.15 85.406 26819 1.5096 -1.453e-07 0.021409 -0.2123 2.3868
18.32 999.28 87.643 26747 1.5064 -6.4807e-08 0.022091 -0.2123 2.3868
18.649 1028.3 89.125 26699 1.5043 -9.1822e-07 0.022514 -0.2123 2.3868
18.732 1035.7 89.499 26687 1.5038 -9.8639e-07 0.022618 -0.2123 2.3868
18.825 1044 89.918 26674 1.5032 -8.3214e-07 0.022732 -0.2123 2.3868
19.033 1062.7 90.858 26644 1.5018 -4.3721e-07 0.022983 -0.2123 2.3868
19.329 1089.8 92.204 26601 1.4998 -1.3515e-07 0.02333 -0.2123 2.3868
19.679 1122.2 93.798 26551 1.4974 -1.6733e-07 0.02372 -0.2123 2.3868
20.039 1156.3 95.449 26499 1.495 -7.5602e-08 0.024105 -0.2123 2.3868
20.367 1187.7 96.957 26452 1.4927 -3.2892e-07 0.024439 -0.2123 2.3868
20.623 1212.6 98.138 26415 1.4909 -1.0171e-06 0.02469 -0.2123 2.3868
20.777 1227.7 98.845 26393 1.4898 -1.1209e-06 0.024836 -0.2123 2.3868
20.814 1231.3 99.017 26387 1.4895 -1.0581e-06 0.024871 -0.2123 2.3868
20.966 1246.4 99.722 26365 1.4884 -7.3614e-07 0.025013 -0.2123 2.3868
21.294 1279.2 101.25 26318 1.486 -1.3765e-07 0.02531 -0.2123 2.3868
21.732 1323.9 103.29 26255 1.4828 -1.1323e-07 0.025688 -0.2123 2.3868
22.194 1371.8 105.46 26188 1.4793 -1.2046e-07 0.026066 -0.2123 2.3868
22.587 1413.5 107.32 26132 1.4763 -5.4119e-07 0.026371 -0.2123 2.3868
22.834 1440 108.49 26096 1.4744 -1.1009e-06 0.026556 -0.2123 2.3868
22.895 1446.6 108.78 26087 1.4739 -1.1118e-06 0.026601 -0.2123 2.3868
23.04 1462.4 109.47 26066 1.4727 -9.1309e-07 0.026707 -0.2123 2.3868
23.328 1494 110.84 26025 1.4705 -1.0187e-07 0.026911 -0.2123 2.3868
23.647 1529.4 112.37 25979 1.4679 -3.8629e-07 0.027129 -0.2123 2.3868
23.876 1555.1 113.47 25946 1.4661 -1.1424e-06 0.027281 -0.2123 2.3868
23.936 1561.8 113.75 25937 1.4656 -1.0973e-06 0.02732 -0.2123 2.3868
24.081 1578.3 114.45 25917 1.4644 -9.0015e-07 0.027414 -0.2123 2.3868
24.369 1611.3 115.84 25875 1.4621 -1.5426e-07 0.027596 -0.2123 2.3868
24.688 1648.3 117.39 25829 1.4594 -5.8475e-07 0.027791 -0.2123 2.3868
24.917 1675.1 118.5 25796 1.4575 -1.3493e-06 0.027927 -0.2123 2.3868
24.976 1682.1 118.79 25788 1.457 -1.2571e-06 0.027962 -0.2123 2.3868
25.204 1709.2 119.91 25755 1.4551 -8.9892e-07 0.028093 -0.2123 2.3868
25.697 1768.4 122.32 25684 1.4509 -8.2419e-08 0.028367 -0.2123 2.3868
26.354 1849.2 125.57 25589 1.4453 -3.4176e-07 0.028711 -0.2123 2.3868
27.046 1936.6 129.01 25489 1.4392 -9.97e-08 0.029051 -0.2123 2.3868
27.636 2012.9 131.98 25405 1.4339 -4.4325e-07 0.029323 -0.2123 2.3868
28.007 2061.7 133.85 25351 1.4306 -1.4444e-06 0.029487 -0.2123 2.3868
28.098 2073.8 134.31 25338 1.4298 -1.348e-06 0.029526 -0.2123 2.3868
28.535 2132.3 136.53 25275 1.4258 -1.0332e-07 0.029711 -0.2123 2.3868
29.398 2250.8 140.97 25151 1.4178 -1.5514e-07 0.030055 -0.2123 2.3869
30.356 2386.5 145.94 25013 1.4088 -9.6107e-08 0.030408 -0.2123 2.3869
31.042 2486.5 149.55 24914 1.4023 -4.094e-07 0.030644 -0.2123 2.3869
31.22 2512.8 150.49 24888 1.4006 -1.6515e-06 0.030704 -0.2123 2.3869
31.552 2562.3 152.25 24841 1.3974 -5.263e-07 0.030812 -0.2123 2.3869
32.142 2651.7 155.4 24756 1.3917 -8.4121e-08 0.030998 -0.2123 2.3869
32.643 2728.9 158.09 24684 1.3869 -1.3541e-06 0.031149 -0.2123 2.3869
32.781 2750.4 158.84 24664 1.3855 -1.4399e-06 0.03119 -0.2123 2.3869
33.113 2802.5 160.64 24616 1.3823 -4.4866e-07 0.031287 -0.2123 2.3869
33.703 2896.5 163.86 24531 1.3765 -8.4799e-08 0.031452 -0.2123 2.3869
34.204 2977.7 166.62 24459 1.3716 -1.2104e-06 0.031588 -0.2123 2.3869
34.342 3000.3 167.39 24439 1.3702 -1.3424e-06 0.031624 -0.2123 2.3869
34.674 3055 169.23 24391 1.367 -4.842e-07 0.031711 -0.2123 2.3869
35.264 3153.7 172.53 24306 1.3611 -7.421e-08 0.03186 -0.2123 2.3869
35.765 3238.9 175.35 24234 1.3562 -9.8286e-07 0.031982 -0.2123 2.3869
35.903 3262.6 176.13 24214 1.3548 -1.1406e-06 0.032015 -0.2123 2.3869
36.235 3319.9 178.01 24167 1.3515 -3.5377e-07 0.032092 -0.2123 2.3869
36.825 3423.4 181.39 24082 1.3457 -7.0453e-08 0.032227 -0.2123 2.3869
37.326 3512.6 184.28 24010 1.3407 -8.8271e-07 0.032338 -0.2123 2.3869
37.464 3537.5 185.08 23990 1.3394 -9.4138e-07 0.032368 -0.2123 2.3869
37.755 3590.1 186.77 23948 1.3365 -2.8219e-07 0.03243 -0.2123 2.3869
38.331 3695.6 190.14 23865 1.3308 -7.389e-08 0.032551 -0.2123 2.3869
38.97 3814.6 193.91 23773 1.3245 -1.3597e-07 0.03268 -0.2123 2.3869
39.427 3901.1 196.63 23708 1.32 -4.2172e-07 0.032769 -0.2123 2.3869
39.546 3923.8 197.34 23690 1.3188 -5.7355e-07 0.032792 -0.2123 2.3869
39.837 3979.6 199.09 23649 1.3159 -1.4086e-07 0.032848 -0.2123 2.3869
40.412 4091.4 202.56 23566 1.3103 -1.0069e-07 0.032955 -0.2123 2.3869
41.051 4217.5 206.45 23474 1.304 -7.1246e-08 0.033071 -0.2123 2.3869
41.508 4309.1 209.26 23408 1.2995 -7.1529e-07 0.033151 -0.2123 2.3869
41.627 4333.1 209.99 23391 1.2984 -6.7809e-07 0.033172 -0.2123 2.3869
41.744 4356.9 210.71 23374 1.2972 -5.2181e-07 0.033192 -0.2123 2.3869
42.002 4409.4 212.31 23337 1.2947 -2.8303e-07 0.033236 -0.2123 2.3869
42.361 4483 214.54 23286 1.2912 -1.6244e-07 0.033296 -0.2123 2.3869
42.766 4567 217.07 23227 1.2873 -5.7838e-08 0.033363 -0.2123 2.3869
43.155 4648.5 219.51 23171 1.2835 -1.8634e-07 0.033427 -0.2123 2.3869
43.47 4715 221.49 23126 1.2805 -7.1447e-07 0.033477 -0.2123 2.3869
43.662 4755.8 222.71 23099 1.2786 -5.3813e-07 0.033507 -0.2123 2.3869
43.708 4765.8 223 23092 1.2782 -4.073e-07 0.033515 -0.2123 2.3869
43.914 4809.7 224.3 23062 1.2762 -1.8156e-07 0.033547 -0.2123 2.3869
44.342 4902.2 227.04 23001 1.2721 -1.2663e-07 0.033613 -0.2123 2.387
44.878 5019.3 230.47 22924 1.2669 -3.3926e-08 0.033694 -0.2123 2.387
45.378 5129.8 233.69 22852 1.2621 -3.0438e-07 0.033768 -0.2123 2.387
45.707 5203.4 235.82 22805 1.259 -3.1393e-07 0.033816 -0.2123 2.387
45.79 5222 236.36 22793 1.2582 -1.8397e-07 0.033828 -0.2123 2.387
46.081 5287.7 238.25 22751 1.2554 -1.7277e-07 0.03387 -0.2123 2.387
46.656 5419 242 22668 1.2499 -5.0194e-08 0.033951 -0.2123 2.387
47.295 5566.8 246.19 22576 1.2438 -7.7402e-08 0.034038 -0.2123 2.387
47.752 5674 249.2 22511 1.2394 -5.7829e-07 0.0341 -0.2123 2.387
47.871 5702 249.99 22494 1.2383 -2.8746e-07 0.034116 -0.2123 2.387
48.162 5771 251.91 22452 1.2355 -8.9701e-08 0.034154 -0.2123 2.387
48.738 5908.8 255.72 22369 1.2299 -7.7532e-08 0.03423 -0.2123 2.387
49.376 6063.8 259.96 22277 1.2238 -5.5719e-08 0.034311 -0.2123 2.387
49.834 6176.2 263.01 22212 1.2193 -7.1996e-07 0.034368 -0.2123 2.387
49.953 6205.6 263.8 22195 1.2181 -6.0238e-07 0.034383 -0.2123 2.387
50.105 6243.3 264.81 22173 1.2167 -3.2494e-07 0.034402 -0.2123 2.387
50.433 6325.1 267 22126 1.2134 -1.0645e-07 0.034442 -0.2123 2.387
50.871 6435.2 269.92 22063 1.2091 -1.161e-07 0.034495 -0.2123 2.387
51.332 6552.3 272.99 21996 1.2045 -6.4349e-08 0.03455 -0.21229 2.387
51.726 6652.9 275.61 21940 1.2005 -5.6742e-07 0.034596 -0.21229 2.387
51.973 6716.6 277.25 21904 1.198 -7.2106e-07 0.034625 -0.21229 2.3871
52.034 6732.3 277.66 21896 1.1974 -5.2413e-07 0.034632 -0.21229 2.3871
52.325 6807.8 279.59 21854 1.1944 -1.5428e-07 0.034665 -0.21229 2.3871
52.901 6958.3 283.41 21771 1.1884 -6.8621e-08 0.034731 -0.21229 2.3871
53.539 7127.2 287.63 21679 1.1817 -1.2901e-07 0.034802 -0.21229 2.3871
53.996 7249.4 290.63 21614 1.1768 -3.4453e-07 0.034852 -0.21229 2.3871
54.115 7281.4 291.41 21597 1.1755 -4.3752e-07 0.034865 -0.21229 2.3871
54.226 7311.1 292.13 21581 1.1743 -6.5947e-07 0.034877 -0.21229 2.3871
54.422 7364.2 293.42 21553 1.1721 -9.8177e-07 0.034898 -0.21229 2.3871
54.589 7409.5 294.51 21529 1.1703 -1.1299e-06 0.034916 -0.21229 2.3871
54.636 7422 294.81 21522 1.1698 -1.1335e-06 0.034921 -0.21229 2.3871
54.746 7452 295.53 21506 1.1685 -1.2998e-06 0.034933 -0.21229 2.3871
54.943 7505.6 296.81 21478 1.1663 -1.5045e-06 0.034954 -0.21229 2.3871
55.11 7551.2 297.89 21454 1.1644 -1.1578e-06 0.034971 -0.21229 2.3871
55.156 7563.8 298.19 21447 1.1639 -9.8225e-07 0.034976 -0.21229 2.3871
55.377 7624.4 299.63 21416 1.1614 -4.559e-08 0.035 -0.21229 2.3871
55.77 7733 302.17 21359 1.1569 -2.295e-06 0.035041 -0.21229 2.3871
56.104 7825.6 304.32 21311 1.153 -5.0603e-06 0.035075 -0.21229 2.3871
56.197 7851.3 304.91 21298 1.1519 -4.1993e-06 0.035084 -0.21229 2.3871
56.349 7893.7 305.88 21276 1.1501 -1.4503e-07 0.0351 -0.21229 2.3871
56.677 7985.6 307.97 21229 1.1462 -4.3744e-07 0.035133 -0.21229 2.3871
57.115 8109 310.76 21166 1.1408 -7.7198e-05 0.035177 -0.21229 2.3871
57.577 8239.7 313.67 21100 1.1351 -0.00026582 0.035223 -0.21229 2.3872
57.97 8351.8 316.14 21043 1.13 -0.00050673 0.035262 -0.21229 2.3872
58.217 8422.6 317.68 21008 1.1268 -0.00070082 0.035286 -0.21229 2.3872
58.278 8440.2 318.07 20999 1.126 -0.00075225 0.035292 -0.21229 2.3872
58.72 8567.4 320.82 20936 1.12 -0.0011857 0.035334 -0.21229 2.3872
59.507 8795.8 325.7 20823 1.1089 -0.0021996 0.035409 -0.21229 2.3872
60.175 8991.3 329.83 20727 1.0988 -0.0033027 0.035471 -0.21229 2.3872
60.359 9045.5 330.97 20700 1.0959 -0.0036465 0.035488 -0.21229 2.3872
60.801 9175.9 333.72 20637 1.0889 -0.0045399 0.035528 -0.21229 2.3872
61.588 9409.6 338.65 20524 1.0756 -0.0063728 0.035599 -0.21229 2.3873
62.256 9609.2 342.9 20428 1.0636 -0.0081708 0.035658 -0.21229 2.3873
62.441 9664.5 344.08 20402 1.0602 -0.0087064 0.035674 -0.21229 2.3873
62.883 9797.4 346.95 20338 1.0518 -0.010061 0.035712 -0.21229 2.3873
63.67 10035 352.16 20225 1.0361 -0.012584 0.035779 -0.21229 2.3873
64.338 10238 356.7 20129 1.0221 -0.014578 0.035835 -0.21229 2.3873
64.522 10294 357.97 20103 1.0182 -0.015064 0.03585 -0.21228 2.3873
64.964 10429 361.04 20040 1.0085 -0.016202 0.035887 -0.21228 2.3873
65.751 10670 366.64 19927 0.99079 -0.01799 0.03595 -0.21228 2.3874
66.419 10875 371.51 19831 0.97537 -0.01926 0.036003 -0.21228 2.3874
66.603 10932 372.88 19804 0.97106 -0.019573 0.036018 -0.21228 2.3874
67.045 11068 376.18 19741 0.96064 -0.020256 0.036052 -0.21228 2.3874
67.832 11311 382.21 19628 0.94189 -0.021234 0.036113 -0.21228 2.3874
68.5 11518 387.48 19532 0.92585 -0.021818 0.036164 -0.21228 2.3875
68.685 11575 388.96 19506 0.92142 -0.021942 0.036178 -0.21228 2.3875
69.127 11712 392.55 19443 0.91078 -0.022184 0.036211 -0.21228 2.3875
69.914 11956 399.1 19330 0.8919 -0.022403 0.036269 -0.21228 2.3875
70.582 12164 404.81 19234 0.87599 -0.022406 0.036318 -0.21228 2.3875
70.766 12221 406.42 19207 0.87163 -0.022399 0.036331 -0.21228 2.3876
71.208 12358 410.31 19144 0.86122 -0.022368 0.036363 -0.21228 2.3876
71.995 12604 417.4 19031 0.84288 -0.022285 0.036419 -0.21228 2.3876
72.663 12812 423.58 18935 0.82754 -0.022184 0.036467 -0.21227 2.3876
72.847 12869 425.31 18909 0.82335 -0.022153 0.03648 -0.21227 2.3876
73.289 13007 429.51 18846 0.81336 -0.022069 0.036511 -0.21227 2.3877
74.077 13253 437.17 18733 0.79584 -0.021872 0.036565 -0.21227 2.3877
74.744 13462 443.84 18637 0.78127 -0.021658 0.036611 -0.21227 2.3877
74.929 13519 445.71 18611 0.7773 -0.021599 0.036624 -0.21227 2.3878
75.233 13614 448.82 18567 0.77079 -0.021503 0.036645 -0.21227 2.3878
75.889 13820 455.65 18473 0.75695 -0.021355 0.03669 -0.21227 2.3878
76.766 14094 465.02 18347 0.73888 -0.021427 0.036749 -0.21227 2.3878
77.689 14383 475.2 18215 0.72027 -0.021914 0.036811 -0.21226 2.3879
78.475 14630 484.13 18102 0.70467 -0.022661 0.036863 -0.21226 2.3879
78.969 14785 489.87 18031 0.69495 -0.023292 0.036896 -0.21226 2.388
79.091 14823 491.31 18014 0.69256 -0.023465 0.036904 -0.21226 2.388
79.396 14918 494.9 17970 0.68662 -0.02393 0.036924 -0.21226 2.388
80.052 15124 502.78 17876 0.67383 -0.025091 0.036968 -0.21226 2.388
80.929 15399 513.58 17750 0.65681 -0.026978 0.037025 -0.21226 2.3881
81.851 15689 525.28 17618 0.63885 -0.029378 0.037086 -0.21226 2.3882
82.638 15935 535.53 17506 0.62346 -0.031761 0.037137 -0.21225 2.3882
83.132 16089 542.11 17435 0.61372 -0.033416 0.03717 -0.21225 2.3882
83.254 16127 543.75 17417 0.6113 -0.033844 0.037178 -0.21225 2.3883
83.696 16265 549.74 17354 0.60252 -0.035454 0.037206 -0.21225 2.3883
84.483 16510 560.63 17241 0.58672 -0.038564 0.037258 -0.21225 2.3883
85.151 16717 570.1 17145 0.57315 -0.041446 0.037301 -0.21225 2.3884
85.336 16774 572.75 17119 0.56937 -0.042281 0.037313 -0.21225 2.3884
85.777 16910 579.18 17056 0.56026 -0.044358 0.037342 -0.21225 2.3884
86.565 17151 590.89 16943 0.54387 -0.048213 0.037393 -0.21224 2.3885
87.232 17355 601.1 16847 0.52983 -0.051401 0.037436 -0.21224 2.3886
87.417 17411 603.97 16821 0.52595 -0.052228 0.037448 -0.21224 2.3886
87.604 17468 606.9 16794 0.522 -0.053065 0.03746 -0.21224 2.3886
88.031 17596 613.66 16733 0.51302 -0.054903 0.037488 -0.21224 2.3886
88.66 17785 623.84 16643 0.49984 -0.057448 0.037528 -0.21224 2.3887
89.44 18018 636.85 16531 0.48365 -0.060334 0.037579 -0.21223 2.3888
90.31 18274 651.8 16406 0.46597 -0.063185 0.037636 -0.21223 2.3888
91.197 18532 667.59 16279 0.44838 -0.06571 0.037693 -0.21223 2.3889
92.03 18772 682.9 16160 0.43234 -0.06772 0.037748 -0.21222 2.389
92.742 18974 696.35 16057 0.41902 -0.069166 0.037794 -0.21222 2.3891
93.275 19125 706.63 15981 0.40928 -0.070079 0.037829 -0.21222 2.3891
93.587 19212 712.71 15937 0.4037 -0.070548 0.03785 -0.21222 2.3892
93.661 19233 714.18 15926 0.40238 -0.070653 0.037855 -0.21222 2.3892
93.848 19285 717.88 15899 0.39905 -0.070906 0.037867 -0.21222 2.3892
94.275 19404 726.39 15838 0.3916 -0.071418 0.037895 -0.21222 2.3892
94.904 19578 739.15 15748 0.38083 -0.072006 0.037937 -0.21221 2.3893
95.684 19791 755.32 15636 0.36785 -0.072464 0.037988 -0.21221 2.3894
96.554 20025 773.75 15511 0.35389 -0.072614 0.038046 -0.21221 2.3895
97.441 20262 793.03 15384 0.34015 -0.072479 0.038106 -0.2122 2.3896
98.274 20481 811.54 15265 0.32766 -0.072395 0.038162 -0.2122 2.3897
98.986 20666 827.65 15163 0.31724 -0.072498 0.03821 -0.2122 2.3898
99.52 20803 839.89 15086 0.30956 -0.072648 0.038246 -0.21219 2.3898
99.831 20882 847.1 15042 0.30512 -0.072748 0.038268 -0.21219 2.3899
99.905 20901 848.84 15031 0.30406 -0.072771 0.038273 -0.21219 2.3899
100.32 21005 858.43 14972 0.29824 -0.072889 0.038301 -0.21219 2.39
101.17 21219 878.77 14850 0.28619 -0.072968 0.03836 -0.21218 2.3901
102.24 21482 904.68 14696 0.27129 -0.07257 0.038434 -0.21218 2.3902
103.24 21722 929.31 14553 0.25756 -0.071676 0.038504 -0.21217 2.3904
103.9 21876 945.78 14459 0.24857 -0.070818 0.03855 -0.21217 2.3904
104.07 21915 949.96 14435 0.24632 -0.070567 0.038562 -0.21217 2.3905
104.48 22009 960.34 14376 0.24075 -0.069888 0.038591 -0.21217 2.3905
105.34 22203 982.26 14253 0.22916 -0.068196 0.038652 -0.21216 2.3907
106.41 22438 1010 14100 0.21475 -0.065565 0.038729 -0.21216 2.3908
107.41 22649 1036.3 13957 0.20141 -0.062596 0.038802 -0.21215 2.391
108.06 22784 1053.8 13862 0.19267 -0.060365 0.03885 -0.21215 2.3911
108.23 22817 1058.2 13838 0.19048 -0.05977 0.038862 -0.21214 2.3911
108.81 22932 1073.8 13755 0.18284 -0.057575 0.038905 -0.21214 2.3912
109.96 23151 1105 13590 0.16796 -0.052737 0.038991 -0.21213 2.3914
111.24 23379 1140.2 13407 0.15204 -0.047099 0.039087 -0.21213 2.3916
112.16 23533 1165.9 13276 0.14107 -0.043422 0.039156 -0.21212 2.3918
112.39 23572 1172.6 13242 0.13827 -0.042555 0.039174 -0.21212 2.3919
112.72 23625 1182.1 13195 0.13441 -0.041377 0.0392 -0.21211 2.3919
113.31 23717 1199.1 13110 0.12765 -0.039415 0.039245 -0.21211 2.392
113.82 23792 1213.6 13038 0.12202 -0.037887 0.039284 -0.21211 2.3921
113.95 23812 1217.6 13019 0.12048 -0.037488 0.039295 -0.21211 2.3922
114.29 23860 1227.4 12971 0.11682 -0.036568 0.039321 -0.2121 2.3922
114.88 23943 1244.8 12886 0.11038 -0.035067 0.039367 -0.2121 2.3923
115.38 24011 1259.8 12815 0.10501 -0.03393 0.039407 -0.21209 2.3924
115.52 24029 1264 12795 0.10354 -0.033638 0.039418 -0.21209 2.3925
115.73 24057 1270.5 12764 0.10123 -0.033193 0.039435 -0.21209 2.3925
116.17 24111 1283.6 12702 0.09669 -0.03239 0.039469 -0.21209 2.3926
116.64 24170 1298.2 12633 0.091714 -0.031568 0.039507 -0.21208 2.3927
116.99 24210 1308.8 12584 0.088186 -0.030935 0.039535 -0.21208 2.3928
117.08 24220 1311.5 12571 0.087275 -0.030756 0.039542 -0.21208 2.3928
117.29 24245 1318.3 12540 0.085057 -0.03031 0.03956 -0.21208 2.3928
117.73 24292 1331.7 12478 0.080721 -0.029357 0.039595 -0.21208 2.3929
118.21 24342 1346.7 12410 0.076009 -0.028191 0.039634 -0.21207 2.393
118.55 24377 1357.5 12360 0.072705 -0.027286 0.039662 -0.21207 2.3931
118.64 24385 1360.3 12348 0.071858 -0.027041 0.039669 -0.21207 2.3931
119.07 24427 1374.1 12285 0.067779 -0.025784 0.039705 -0.21206 2.3932
119.94 24504 1401.8 12161 0.0601 -0.023017 0.039776 -0.21206 2.3934
120.89 24580 1432.7 12024 0.052327 -0.019512 0.039856 -0.21205 2.3936
121.58 24629 1454.9 11926 0.047339 -0.01672 0.039914 -0.21204 2.3938
121.76 24641 1460.7 11900 0.046134 -0.015955 0.039929 -0.21204 2.3938
122.09 24663 1471.5 11853 0.043999 -0.014492 0.039957 -0.21204 2.3939
122.68 24700 1490.8 11768 0.040572 -0.01175 0.040008 -0.21203 2.394
123.18 24729 1507.2 11697 0.038077 -0.0092873 0.040051 -0.21203 2.3942
123.32 24737 1511.8 11677 0.037461 -0.0085852 0.040063 -0.21203 2.3942
123.49 24747 1517.3 11653 0.036766 -0.0077312 0.040077 -0.21203 2.3942
123.78 24763 1527 11611 0.035647 -0.0061761 0.040103 -0.21202 2.3943
124.03 24776 1535.3 11575 0.034801 -0.0048225 0.040125 -0.21202 2.3944
124.1 24780 1537.6 11565 0.034579 -0.0044433 0.040131 -0.21202 2.3944
124.27 24789 1543.1 11541 0.034075 -0.0035248 0.040145 -0.21202 2.3944
124.56 24804 1552.9 11499 0.033265 -0.0018542 0.040171 -0.21201 2.3945
124.81 24817 1561.3 11463 0.032667 -0.00040431 0.040193 -0.21201 2.3946
124.88 24821 1563.6 11453 0.032517 0 0.040199 -0.21201 2.3946
