time (s) altitude (m) velocity (m/s) mass (kg) dynamic pressure (Pa)trajectory angle (rad) Lift (N)Drag (N)heading angle (rad) latitude (rad) angle of attack (rad) 
489.1 40862 2631.5 3300 11752 0.18194 13884 4855.5 1.8268 -0.10111 0.28048
489.39 40999 2634.3 3295.7 11544 0.18194 13561 4729.1 1.8268 -0.101 0.27942
490.01 41295 2640.4 3286.5 11108 0.18191 13039 4544.8 1.8268 -0.10075 0.27926
490.84 41692 2648.6 3274.3 10554 0.18181 12390 4319 1.8268 -0.10043 0.2793
491.71 42110 2657.4 3261.4 10002 0.18165 11740 4091.8 1.8268 -0.10008 0.27927
492.46 42468 2664.9 3250.3 9555.5 0.18146 11267 3935.3 1.8269 -0.09979 0.2801
492.92 42693 2669.7 3243.4 9286 0.18133 10962 3831 1.8269 -0.099605 0.28032
493.04 42748 2670.9 3241.7 9220.7 0.18129 10906 3814.6 1.8269 -0.099559 0.28067
493.33 42887 2673.8 3237.5 9060.2 0.1812 10744 3762.8 1.8269 -0.099445 0.28115
493.95 43186 2680.3 3228.3 8723.7 0.18099 10442 3673.9 1.8269 -0.099198 0.28292
494.78 43586 2688.9 3216 8295.3 0.1807 10045 3553.7 1.8269 -0.098868 0.28513
495.65 44009 2698.1 3203.1 7868.6 0.18035 9634.5 3425.8 1.827 -0.09852 0.28725
496.39 44369 2706 3192.1 7523.6 0.18004 9290.9 3316.6 1.827 -0.098221 0.2889
496.86 44595 2710.9 3185.1 7315.2 0.17984 9071.3 3244.4 1.827 -0.098034 0.28972
496.98 44651 2712.2 3183.4 7264.7 0.17978 9013.1 3224.2 1.827 -0.097987 0.28981
497.12 44721 2713.7 3181.3 7202.8 0.17972 8942.9 3200.2 1.827 -0.09793 0.28996
497.44 44877 2717.2 3176.5 7065.1 0.17957 8801.8 3154.5 1.827 -0.0978 0.29062
497.91 45105 2722.2 3169.6 6869.8 0.17934 8603.1 3090.5 1.827 -0.097611 0.29165
498.48 45381 2728.4 3161.2 6640.4 0.17906 8360.1 3010.3 1.827 -0.09738 0.2927
499.09 45680 2735.1 3152.1 6402.2 0.17874 8100.5 2923.2 1.8271 -0.097131 0.29369
499.69 45972 2741.7 3143.2 6178.8 0.17842 7855.1 2840.5 1.8271 -0.096888 0.29464
500.22 46228 2747.5 3135.4 5989.9 0.17813 7643.3 2768.4 1.8271 -0.096674 0.29539
500.62 46423 2751.9 3129.5 5850.2 0.17791 7480.6 2711.9 1.8271 -0.09651 0.29581
500.86 46538 2754.6 3126 5769.5 0.17777 7382.6 2677.1 1.8271 -0.096414 0.29595
500.91 46565 2755.2 3125.1 5750.3 0.17774 7359 2668.7 1.8271 -0.096391 0.29597
501.06 46635 2756.8 3123 5702.4 0.17766 7302.1 2648.8 1.8271 -0.096332 0.2961
501.38 46792 2760.4 3118.2 5595.6 0.17747 7183.5 2608.5 1.8271 -0.0962 0.29661
501.85 47021 2765.7 3111.3 5445 0.17719 7011.7 2549.5 1.8271 -0.096008 0.29723
502.42 47298 2772.1 3102.9 5282.2 0.17684 6815.4 2479.9 1.8271 -0.095774 0.29762
503.03 47598 2779.1 3093.8 5111.7 0.17645 6603.8 2403.9 1.8272 -0.095521 0.29787
503.63 47891 2785.9 3084.9 4950.6 0.17607 6403.5 2331.9 1.8272 -0.095273 0.29811
504.16 48147 2792 3077.1 4813.7 0.17572 6230.3 2269.1 1.8272 -0.095056 0.29823
504.56 48343 2796.6 3071.2 4711.9 0.17545 6098.2 2220.8 1.8272 -0.09489 0.29821
504.79 48458 2799.3 3067.7 4652.9 0.17529 6021 2192.4 1.8272 -0.094792 0.29818
504.85 48486 2800 3066.8 4638.8 0.17525 6003 2185.9 1.8272 -0.094768 0.29818
505.14 48626 2803.3 3062.6 4568.2 0.17506 5916.2 2154.9 1.8272 -0.094649 0.29834
505.76 48929 2810.5 3053.4 4419.4 0.17463 5732.9 2089.3 1.8272 -0.09439 0.29866
506.59 49334 2820.3 3041.1 4228.4 0.17404 5485.7 1998.9 1.8273 -0.094044 0.29867
507.46 49761 2830.6 3028.2 4036.3 0.17341 5238 1908.5 1.8273 -0.093678 0.29872
508.2 50124 2839.5 3017.2 3879.6 0.17285 5032.3 1832.8 1.8273 -0.093365 0.29861
508.67 50352 2845.1 3010.3 3784.3 0.1725 4903.6 1784.9 1.8273 -0.093168 0.29839
508.79 50409 2846.5 3008.6 3761.1 0.17241 4872.9 1773.6 1.8273 -0.093119 0.29835
509.07 50549 2850 3004.3 3704 0.1722 4800.1 1747.2 1.8273 -0.092997 0.2984
509.7 50852 2857.5 2995.1 3583.9 0.17172 4644.4 1690.3 1.8273 -0.092734 0.29839
510.52 51257 2867.6 2982.8 3438.4 0.17107 4445.6 1615.8 1.8274 -0.092382 0.2979
511.4 51683 2878.3 2969.9 3296.5 0.17038 4249.6 1542 1.8274 -0.09201 0.29727
512.14 52046 2887.5 2958.9 3179.8 0.16978 4085.8 1479.9 1.8274 -0.091692 0.29659
512.61 52274 2893.3 2952 3108.3 0.16939 3983.6 1440.9 1.8274 -0.091491 0.29604
512.72 52330 2894.8 2950.3 3090.9 0.1693 3959.9 1432.1 1.8274 -0.091442 0.29597
513.01 52471 2898.4 2946 3047.9 0.16906 3903.2 1411.1 1.8274 -0.091318 0.29588
513.63 52773 2906.1 2936.8 2956.9 0.16855 3778.3 1364.3 1.8275 -0.09105 0.29541
514.46 53177 2916.6 2924.5 2839.2 0.16785 3613.6 1301.9 1.8275 -0.090692 0.29459
515.33 53603 2927.7 2911.6 2720 0.16711 3448.3 1239.7 1.8275 -0.090313 0.29377
516.08 53965 2937.3 2900.6 2621.9 0.16647 3311.4 1187.7 1.8275 -0.08999 0.29299
516.55 54192 2943.3 2893.7 2562 0.16607 3226.3 1155.2 1.8275 -0.089786 0.29241
516.66 54248 2944.8 2892 2547.4 0.16597 3206.7 1147.9 1.8275 -0.089735 0.29233
516.95 54388 2948.5 2887.7 2511.3 0.16572 3159.5 1130.4 1.8275 -0.089609 0.29221
517.57 54690 2956.6 2878.5 2435 0.16517 3055 1091.1 1.8276 -0.089337 0.29165
518.4 55093 2967.4 2866.2 2336.4 0.16444 2918 1039.3 1.8276 -0.088972 0.29073
519.27 55517 2978.9 2853.3 2236.6 0.16367 2780.3 987.36 1.8276 -0.088587 0.28979
520.02 55878 2988.8 2842.3 2154.6 0.163 2665.5 943.84 1.8276 -0.088258 0.28883
520.48 56105 2995 2835.4 2104.5 0.16258 2594.8 916.94 1.8276 -0.08805 0.28816
520.6 56161 2996.5 2833.7 2092.3 0.16248 2578.7 910.99 1.8276 -0.087999 0.28808
521.02 56363 3002.1 2827.5 2048.6 0.1621 2521.1 889.73 1.8276 -0.087812 0.28779
521.76 56724 3012.2 2816.5 1972.9 0.16142 2414.8 849.4 1.8277 -0.08748 0.28671
522.39 57029 3020.7 2807.1 1910.7 0.16085 2327 816.08 1.8277 -0.087197 0.28574
522.57 57114 3023.1 2804.5 1893.8 0.16069 2303.8 807.36 1.8277 -0.087119 0.28551
522.99 57316 3028.8 2798.3 1853.9 0.1603 2251.6 788.1 1.8277 -0.086931 0.28518
523.73 57676 3039 2787.3 1784.9 0.15962 2154.7 751.43 1.8277 -0.086595 0.28401
524.36 57981 3047.7 2778 1728.1 0.15903 2074.9 721.24 1.8277 -0.08631 0.28297
524.54 58065 3050.1 2775.4 1712.7 0.15887 2053.8 713.31 1.8277 -0.086231 0.28272
524.95 58267 3055.9 2769.2 1676.4 0.15848 2005.8 695.6 1.8277 -0.086041 0.2823
525.7 58625 3066.2 2758.2 1613.4 0.15779 1916.7 661.76 1.8278 -0.085703 0.28092
526.33 58930 3075.1 2748.8 1561.7 0.1572 1846.1 635.4 1.8278 -0.085414 0.27999
526.5 59014 3077.5 2746.2 1547.7 0.15703 1828 628.79 1.8278 -0.085335 0.27983
526.92 59215 3083.4 2740.1 1514.6 0.15664 1787.6 614.41 1.8278 -0.085143 0.27968
527.67 59573 3093.9 2729 1457.2 0.15595 1718.1 589.76 1.8278 -0.084802 0.27946
528.3 59876 3102.9 2719.7 1410.1 0.15536 1662.4 570.27 1.8278 -0.084511 0.27943
528.47 59960 3105.4 2717.1 1397.4 0.15519 1646.8 564.74 1.8278 -0.084431 0.27937
528.76 60098 3109.5 2712.8 1376.6 0.15493 1622.1 556.1 1.8278 -0.084298 0.27934
529.38 60396 3118.4 2703.7 1332.6 0.15435 1569.9 537.8 1.8279 -0.08401 0.27928
530.21 60793 3130.4 2691.4 1275.9 0.15359 1503.5 514.69 1.8279 -0.083626 0.2793
531.08 61211 3143 2678.5 1218.7 0.15279 1436.3 491.33 1.8279 -0.083219 0.27932
531.83 61566 3153.9 2667.4 1171.7 0.15211 1380.7 471.9 1.8279 -0.082871 0.27926
532.3 61790 3160.7 2660.5 1143.1 0.15169 1346.3 459.89 1.8279 -0.082651 0.27917
532.41 61845 3162.4 2658.8 1136.1 0.15159 1337.9 456.93 1.8279 -0.082597 0.27914
532.83 62044 3168.6 2652.6 1111.2 0.15121 1307.2 446.11 1.8279 -0.0824 0.27893
533.57 62400 3179.6 2641.6 1068 0.15054 1246.5 423.9 1.8279 -0.082049 0.27737
534.2 62701 3189 2632.3 1032.6 0.14997 1194.2 404.49 1.828 -0.08175 0.27558
534.38 62784 3191.6 2629.7 1023 0.14981 1181 399.69 1.828 -0.081668 0.27523
534.8 62983 3197.8 2623.5 1000.3 0.14943 1150.5 388.69 1.828 -0.081469 0.2745
535.54 63337 3209 2612.5 961.14 0.14876 1092.7 367.3 1.828 -0.081115 0.27229
536.17 63637 3218.6 2603.1 928.99 0.14818 1046.5 350.34 1.828 -0.080813 0.27055
536.35 63720 3221.2 2600.5 920.29 0.14802 1034.5 345.94 1.828 -0.080729 0.27014
536.77 63919 3227.6 2594.3 899.74 0.14764 1007.4 336.22 1.828 -0.080529 0.26939
537.51 64272 3239 2583.3 864.19 0.14695 955.8 317.24 1.828 -0.080171 0.2671
538.14 64572 3248.7 2574 835.04 0.14637 914.71 302.23 1.8281 -0.079867 0.26532
538.32 64654 3251.4 2571.4 827.15 0.14621 903.99 298.36 1.8281 -0.079782 0.2649
538.73 64852 3257.8 2565.2 808.53 0.14582 879.9 289.77 1.8281 -0.07958 0.26412
539.48 65204 3269.4 2554.2 776.31 0.14513 833.97 272.97 1.8281 -0.079219 0.26177
540.11 65503 3279.2 2544.8 749.91 0.14454 797.49 259.74 1.8281 -0.078911 0.25996
540.29 65585 3282 2542.2 742.77 0.14438 787.98 256.32 1.8281 -0.078826 0.25952
540.7 65783 3288.5 2536 725.91 0.14399 766.62 248.77 1.8281 -0.078622 0.25872
541.45 66134 3300.3 2525 696.74 0.1433 725.79 233.93 1.8281 -0.078257 0.25631
542.08 66431 3310.3 2515.7 672.86 0.1427 693.49 222.3 1.8281 -0.077947 0.25446
542.25 66513 3313.1 2513.1 666.39 0.14254 685.08 219.31 1.8281 -0.077861 0.25401
542.67 66710 3319.8 2506.9 651.14 0.14215 666.21 212.69 1.8281 -0.077655 0.25319
543.42 67060 3331.7 2495.9 624.77 0.14145 629.94 199.93 1.8282 -0.077287 0.25072
544.05 67357 3341.9 2486.5 603.18 0.14085 601.15 189.9 1.8282 -0.076973 0.24879
544.22 67438 3344.7 2483.9 597.34 0.14068 593.6 187.3 1.8282 -0.076887 0.24831
544.51 67573 3349.4 2479.7 587.82 0.14041 582.23 183.48 1.8282 -0.076743 0.24777
545.13 67864 3359.5 2470.5 567.76 0.13983 555.84 174.32 1.8282 -0.076434 0.24587
545.96 68252 3373.1 2458.2 541.95 0.13904 526.07 164.45 1.8282 -0.076019 0.24449
546.83 68660 3387.5 2445.3 515.96 0.13822 500.33 156.48 1.8282 -0.07558 0.24433
547.58 69007 3399.8 2434.3 494.73 0.13753 476.71 148.96 1.8282 -0.075204 0.24324
548.04 69224 3407.6 2427.4 481.79 0.13709 460.45 143.63 1.8283 -0.074968 0.24183
548.16 69278 3409.5 2425.7 478.65 0.13699 456.91 142.5 1.8283 -0.074909 0.24163
548.45 69412 3414.3 2421.4 470.9 0.13672 447.87 139.59 1.8283 -0.074763 0.24101
549.07 69701 3424.8 2412.2 454.56 0.13614 426.59 132.57 1.8283 -0.074447 0.23875
549.9 70086 3438.8 2399.9 433.56 0.13537 400.07 123.87 1.8283 -0.074024 0.23594
550.77 70491 3453.6 2387 412.42 0.13455 374.01 115.36 1.8283 -0.073577 0.2331
551.51 70835 3466.3 2376 395.17 0.13385 352.76 108.41 1.8283 -0.073194 0.23057
551.98 71051 3474.4 2369.1 384.61 0.13341 339.93 104.23 1.8283 -0.072952 0.22898
552.1 71104 3476.4 2367.4 381.97 0.1333 337.1 103.33 1.8283 -0.072893 0.22875
552.32 71207 3480.2 2364.1 376.98 0.13309 331.81 101.65 1.8283 -0.072778 0.22833
552.81 71432 3488.7 2356.9 366.2 0.13263 318.88 97.439 1.8284 -0.072525 0.22665
553.49 71745 3500.5 2346.8 351.71 0.13199 301.89 91.929 1.8284 -0.072172 0.22443
554.25 72098 3513.9 2335.5 336.02 0.13127 284.01 86.162 1.8284 -0.071772 0.22208
554.99 72436 3526.9 2324.6 321.57 0.13057 266.24 80.331 1.8284 -0.071387 0.21898
555.58 72709 3537.4 2315.8 310.34 0.13 246.02 73.268 1.8284 -0.071074 0.21268
555.95 72876 3543.9 2310.4 303.68 0.12964 231.11 68.18 1.8284 -0.070883 0.20679
556.03 72916 3545.5 2309.1 302.08 0.12955 227.83 67.143 1.8284 -0.070836 0.20547
556.14 72967 3547.5 2307.4 300.08 0.12944 224.39 66.062 1.8284 -0.070778 0.20421
556.39 73078 3551.8 2303.8 295.74 0.12919 214.46 62.901 1.8284 -0.070649 0.19982
556.73 73234 3558 2298.8 289.79 0.12883 201.57 58.809 1.8284 -0.070469 0.19407
557.11 73409 3564.9 2293.1 283.23 0.12842 187.07 54.198 1.8284 -0.070266 0.18726
557.48 73577 3571.5 2287.7 277.06 0.12802 174 50.05 1.8284 -0.070071 0.18095
557.78 73712 3577 2283.3 272.17 0.12768 163.53 46.727 1.8284 -0.069912 0.17567
557.96 73795 3580.3 2280.6 269.23 0.12747 157.74 45.037 1.8284 -0.069816 0.17257
558 73815 3581.1 2279.9 268.52 0.12742 156.34 44.647 1.8284 -0.069792 0.17177
558.11 73865 3583.1 2278.3 266.75 0.12729 152.95 43.71 1.8285 -0.069733 0.16986
558.36 73976 3587.6 2274.7 262.88 0.127 145.54 41.66 1.8285 -0.069603 0.16559
558.7 74130 3593.8 2269.7 257.6 0.12659 135.56 38.902 1.8285 -0.069422 0.15968
559.08 74304 3600.9 2264 251.77 0.12612 124.7 35.896 1.8285 -0.069216 0.15299
559.45 74471 3607.7 2258.5 246.29 0.12565 114.68 33.133 1.8285 -0.069019 0.14657
559.75 74605 3613.2 2254.1 241.96 0.12527 106.87 30.995 1.8285 -0.068859 0.14137
559.93 74687 3616.6 2251.4 239.35 0.12503 102.45 29.863 1.8285 -0.068761 0.13821
559.97 74707 3617.5 2250.8 238.72 0.12497 101.45 29.631 1.8285 -0.068738 0.13743
560.26 74837 3622.8 2246.5 234.66 0.12458 95.074 28.151 1.8285 -0.068583 0.13241
560.88 75116 3634.5 2237.3 226.14 0.12373 81.938 25.098 1.8285 -0.068247 0.12158
561.71 75486 3650.2 2225.1 215.27 0.12254 65.759 21.311 1.8285 -0.067798 0.10711
562.58 75875 3666.8 2212.1 204.41 0.12123 51.804 18.443 1.8285 -0.067322 0.091874
563.33 76204 3681.1 2201.1 195.63 0.12007 41.107 16.308 1.8285 -0.066915 0.078893
563.79 76409 3690.2 2194.2 190.32 0.11931 34.805 15.044 1.8286 -0.066659 0.070732
563.91 76460 3692.4 2192.5 189.03 0.11912 33.363 14.797 1.8286 -0.066595 0.068717
564.2 76586 3698 2188.2 185.86 0.11865 29.999 14.31 1.8286 -0.066437 0.063697
564.82 76857 3710.1 2179 179.23 0.11759 23.087 13.301 1.8286 -0.066095 0.05286
565.65 77217 3726.4 2166.8 170.77 0.11614 14.604 11.993 1.8286 -0.065635 0.038391
566.52 77592 3743.7 2153.8 162.36 0.11455 8.0834 11.08 1.8286 -0.06515 0.023157
567.26 77909 3758.5 2142.8 155.56 0.11314 3.4033 10.44 1.8286 -0.064734 0.010176
567.73 78107 3767.9 2135.9 151.45 0.11223 0.65599 10.057 1.8286 -0.064472 0.0020145
567.85 78155 3770.2 2134.2 150.46 0.11201 -5.7862e-16 9.9646 1.8286 -0.064407 0
567.85 78155 3770.2 2134.2 150.46 0.11201 -5.7862e-16 9.9646 1.8286 -0.064407 0
568.85 78577 3769.2 2134.2 140.52 0.11004 6.3046e-16 9.303 1.8286 -0.063846 0
569.85 78987 3768.1 2134.2 131.44 0.10806 5.8972e-16 8.6989 1.8286 -0.063284 0
570.85 79390 3767.2 2134.2 123.07 0.10608 1.5775e-16 8.1418 1.8287 -0.062722 0
571.85 79785 3766.2 2134.2 115.33 0.10411 -8.1315e-16 7.6279 1.8287 -0.062161 0
572.85 80172 3765.2 2134.2 108.2 0.10213 -4.1608e-16 7.1534 1.8287 -0.061599 0
573.85 80552 3764.3 2134.2 101.6 0.10015 -1.2373e-15 6.7151 1.8287 -0.061038 0
574.85 80925 3763.4 2134.2 95.503 0.098173 -6.7333e-16 6.3101 1.8287 -0.060477 0
575.85 81290 3762.5 2134.2 89.862 0.096192 8.6395e-16 5.9355 1.8287 -0.059915 0
576.85 81648 3761.6 2134.2 84.642 0.094211 -5.9676e-16 5.589 1.8287 -0.059354 0
577.85 81998 3760.7 2134.2 79.809 0.092229 -1.5346e-16 5.2682 1.8288 -0.058793 0
578.85 82341 3759.9 2134.2 75.331 0.090247 9.6566e-17 4.9711 1.8288 -0.058232 0
579.85 82676 3759.1 2134.2 71.18 0.088263 4.5622e-16 4.6958 1.8288 -0.057671 0
580.85 83003 3758.3 2134.2 67.33 0.086279 -1.2946e-16 4.4405 1.8288 -0.05711 0
581.85 83323 3757.5 2134.2 63.758 0.084294 -4.4952e-16 4.2037 1.8288 -0.056549 0
582.85 83636 3756.7 2134.2 60.442 0.082308 -1.1622e-16 3.9839 1.8288 -0.055988 0
583.85 83941 3756 2134.2 57.362 0.080321 1.8383e-16 3.7799 1.8288 -0.055427 0
584.85 84239 3755.2 2134.2 54.5 0.078334 -5.589e-16 3.5903 1.8288 -0.054867 0
585.85 84529 3754.5 2134.2 51.84 0.076346 -2.6581e-16 3.4142 1.8289 -0.054306 0
586.85 84811 3753.9 2134.2 49.365 0.074357 5.6952e-16 3.2503 1.8289 -0.053745 0
587.85 85087 3753.2 2003.3 0 0.072368 -0 0 1.8289 -0.053185 0
588.85 85354 3752.5 2003.3 0 0.070378 -0 0 1.8289 -0.052624 0
589.85 85614 3751.9 2003.3 0 0.068388 -0 0 1.8289 -0.052063 0
590.85 85867 3751.3 2003.3 0 0.066396 -0 0 1.8289 -0.051503 0
591.85 86112 3750.7 2003.3 0 0.064405 0 0 1.8289 -0.050942 0
592.85 86350 3750.1 2003.3 0 0.062412 -0 0 1.8289 -0.050382 0
593.85 86580 3749.6 2003.3 0 0.06042 0 0 1.8289 -0.049822 0
594.85 86803 3749.1 2003.3 0 0.058426 -0 0 1.8289 -0.049261 0
595.85 87018 3748.5 2003.3 0 0.056432 0 0 1.8289 -0.048701 0
596.85 87225 3748 2003.3 0 0.054438 0 0 1.8289 -0.048141 0
597.85 87426 3747.6 2003.3 0 0.052443 -0 0 1.829 -0.04758 0
598.85 87618 3747.1 2003.3 0 0.050448 0 0 1.829 -0.04702 0
599.85 87803 3746.7 2003.3 0 0.048452 0 0 1.829 -0.04646 0
600.85 87981 3746.2 2003.3 0 0.046456 0 0 1.829 -0.0459 0
601.85 88151 3745.8 2003.3 0 0.044459 -0 0 1.829 -0.04534 0
602.85 88314 3745.5 2003.3 0 0.042462 0 0 1.829 -0.044779 0
603.85 88469 3745.1 2003.3 0 0.040465 -0 0 1.829 -0.044219 0
604.85 88617 3744.8 2003.3 0 0.038467 -0 0 1.829 -0.043659 0
605.85 88757 3744.4 2003.3 0 0.036469 -0 0 1.829 -0.043099 0
606.85 88890 3744.1 2003.3 0 0.034471 -0 0 1.829 -0.042539 0
607.85 89016 3743.9 2003.3 0 0.032472 0 0 1.829 -0.041979 0
608.85 89133 3743.6 2003.3 0 0.030473 0 0 1.829 -0.041419 0
609.85 89244 3743.3 2003.3 0 0.028474 0 0 1.829 -0.040859 0
610.85 89346 3743.1 2003.3 0 0.026475 0 0 1.829 -0.040299 0
611.85 89442 3742.9 2003.3 0 0.024475 0 0 1.829 -0.039739 0
612.85 89530 3742.7 2003.3 0 0.022476 -0 0 1.829 -0.039179 0
613.85 89610 3742.5 2003.3 0 0.020476 0 0 1.829 -0.038619 0
614.85 89683 3742.4 2003.3 0 0.018476 0 0 1.829 -0.038059 0
615.85 89748 3742.3 2003.3 0 0.016475 0 0 1.829 -0.037499 0
616.85 89806 3742.1 2003.3 0 0.014475 0 0 1.829 -0.036939 0
617.85 89857 3742 2003.3 0 0.012474 0 0 1.829 -0.036379 0
618.85 89900 3742 2003.3 0 0.010474 -0 0 1.829 -0.035819 0
619.85 89935 3741.9 2003.3 0 0.0084732 0 0 1.829 -0.035259 0
620.85 89963 3741.9 2003.3 0 0.0064725 -0 0 1.829 -0.034699 0
621.85 89983 3741.9 2003.3 0 0.0044718 0 0 1.829 -0.03414 0
622.85 89996 3741.9 2003.3 0 0.0024711 0 0 1.829 -0.03358 0
623.85 90002 3741.9 2003.3 0 0.00047036 -0 0 1.829 -0.03302 0
624.85 90000 3741.9 2003.3 0 0 -0 0 1.829 -0.03246 0
